 11 6899.030700 1.575E-29 3.186E-03.03430.265 2813.52730.44-.023920          1 0 1          0 0 0 13  4  9       12  8  4      444233603231712211    27.0   25.0
 11 6899.374400 1.846E-28 8.941E-01.06200.281 3659.90320.47-.014756          0 3 1          0 1 0 11  5  7       11  5  6      4442336032297122 8    69.0   69.0
 11 6899.406000 1.902E-29 1.087E+00.09490.412 3974.63100.69-.007960          2 0 1          0 0 1  4  1  3        4  0  4      4442236032287122 7    27.0   27.0
 11 6899.475100 6.720E-29 2.383E+00.06770.265 3843.40940.44-.016940          2 1 0          0 1 0 11  5  7       12  4  8      4442336032297122 9    23.0   25.0
 11 6899.489500 1.779E-29 9.434E-04.03490.281 2522.26070.47-.022380          2 0 0          0 0 0 12  5  7       11  8  4      444233603231712211    25.0   23.0
 11 6899.582500 3.058E-29 1.317E+00.09510.434 3864.76370.71-.011840          3 0 0          1 0 0  3  1  2        3  2  1      4442236032257122 7    21.0   21.0
 11 6899.639100 1.470E-29 5.548E+00.08000.315 4493.80440.55-.005060          1 2 1          0 2 0  8  3  5        9  3  6      4442336032257122 7    51.0   57.0
 11 6899.684249 1.025E-28 7.007E-03.08030.352 2439.95430.61-.011875          0 6 0          0 1 0  6  0  6        7  3  5      2442334432257122 7    13.0   15.0
 11 6899.694200 5.020E-28 1.685E-01.02900.250 3127.86100.41-.021048          1 2 0          0 0 0 12  9  4       13  8  5      4642236033297122 9    75.0   81.0
 11 6899.723500 3.358E-29 5.262E-04.03400.298 2254.28400.51-.015112          0 2 1          0 0 0 11  6  5       10  8  2      444233603231712211    23.0   21.0
 11 6899.799100 6.062E-28 2.079E+00.03740.315 3526.62790.55-.020640          1 1 1          0 1 0  8  7  1        9  7  2      4442336032257122 7    51.0   57.0
 11 6899.801700 2.020E-28 2.078E+00.03430.315 3526.62680.55-.021660          1 1 1          0 1 0  8  7  2        9  7  3      4442336032297122 9    17.0   19.0
 11 6899.852100 2.100E-27 2.486E-01.07430.371 2552.87970.63-.017880          1 1 1          0 1 0  6  3  4        6  5  1      4642236033287122 8    13.0   13.0
 11 6899.853700 5.883E-29 3.612E+00.05710.352 3894.16830.61-.010256          0 4 1          0 2 0  8  2  7        7  2  6      4442336032257122 7    17.0   15.0
 11 6899.978300 5.502E-29 6.111E+00.09490.456 3833.57660.72-.007300          3 0 0          0 0 1  3  1  3        2  1  2      4442336032257122 7     7.0    5.0
 11 6900.003500 5.615E-24 9.106E-03.08300.425  399.45750.670.001630          0 2 1          0 0 0  4  3  1        5  1  4      576620303324 322 6    27.0   33.0
 11 6900.070900 4.343E-28 8.950E-03.01960.221 2358.30050.37-.013668          0 4 0          0 0 0 14  4 10       15  1 15      434223603331712211    29.0   31.0
 11 6900.138600 2.350E-28 2.577E-02.06970.315 2818.39770.55-.013440          0 1 2          0 1 0  8  1  8        9  2  7      4442336032287122 7    51.0   57.0
 11 6900.589200 6.287E-24 8.906E-03.06850.350  447.25230.63-.006229          1 2 0          0 0 0  6  2  5        6  1  6      476521603324 322 6    39.0   39.0
 11 6900.590500 4.946E-29 2.869E+00.03400.208 4006.03640.350.000000         -2-2-2          0 0 0 15 -3 -3       16  7 10      1422234232917122 0    31.0   99.0
 11 6900.599700 3.644E-27 8.047E-02.08580.352 2462.87520.61-.009456          1 3 0          0 1 0  7  4  3        7  3  4      4742236033257122 7    45.0   45.0
 11 6900.638400 4.648E-28 4.394E-01.05920.298 3058.39780.51-.020980          2 1 0          0 1 0  9  3  7       10  2  8      4742236033297122 7    19.0   21.0
 11 6900.713100 8.110E-29 3.315E+00.08390.371 3784.67940.63-.009348          0 4 1          0 2 0  7  2  5        6  2  4      4442336032257122 7    15.0   13.0
 11 6900.740300 1.041E-25 1.374E+00.07370.250 2251.86230.67-.009380          2 1 0          0 1 0  4  3  2        5  4  1      474323603325 322 7    27.0   33.0
 11 6900.822900 3.161E-25 1.488E+00.08740.410 1813.78760.71-.007728          0 3 1          0 1 0  4  2  3        3  2  2      474623603325 322 7     9.0    7.0
 11 6901.074800 4.491E-28 1.932E-01.06480.235 2983.39520.40-.021664          0 2 1          0 0 0 14  5 10       14  5  9      464223603331712211    29.0   29.0
 11 6901.112800 1.092E-29 4.237E-01.04680.195 4174.28450.34-.021560          2 0 0          0 0 0 17  4 13       17  5 12      4442336032297122 9   105.0  105.0
 11 6901.428400 1.275E-29 9.548E+00.02270.265 4696.86580.44-.020840          1 2 1          0 2 0 11  1 11       12  1 12      4442336032257122 7    69.0   75.0
 11 6901.503500 2.334E-29 3.591E-02.03980.352 3109.91130.61-.008540          2 1 0          0 1 0  7  6  2        7  7  1      4442336032297122 9    15.0   15.0
 11 6901.505500 1.216E-29 1.389E+01.05590.352 4695.83660.61-.014080          2 0 1          1 0 0  7  5  3        7  5  2      4442336032257122 7    45.0   45.0
 11 6901.510600 7.001E-29 3.591E-02.04330.352 3109.91120.61-.011940          2 1 0          0 1 0  7  6  1        7  7  0      4442336032287122 8    45.0   45.0
 11 6901.573500 1.004E-27 2.186E-02.04610.281 2321.81170.47-.021860          0 0 2          0 0 0 11  4  8       11  7  5      4642236033297122 9    23.0   23.0
 11 6901.663600 2.488E-23 2.997E-01.08310.430  661.54890.63-.006539          0 2 1          0 0 0  6  3  4        6  3  3      478620603382622234    13.0   13.0
 11 6901.775500 8.170E-25 1.909E-02.05840.311 1079.07920.55-.001276          1 2 0          0 0 0  8  4  5        9  1  8      474623603328 322 8    51.0   57.0
 11 6901.879800 1.539E-29 7.325E-04.05270.250 2756.41420.41-.032880          2 0 0          0 0 0 14  3 12       13  6  7      444233603231712211    87.0   81.0
 11 6901.938500 3.418E-27 8.355E+00.07990.298 3253.73730.51-.008260          1 1 1          0 1 0  9  4  5       10  4  6      4742236033297122 7    19.0   21.0
 11 6901.951300 3.639E-26 1.440E+00.07500.391 2251.69530.67-.009640          2 1 0          0 1 0  4  3  1        5  4  2      4742236033287122 7     9.0   11.0
 11 6901.962900 1.546E-24 1.178E+01.06240.370 2105.86660.44-.021620          1 0 1          0 0 0 11  3  8       12  3  9      474523603329 322 9    23.0   25.0
 11 6902.128900 5.011E-29 4.719E-01.03280.265 3587.66550.44-.017200          2 1 0          0 1 0 12  1 11       12  2 10      4442336032297122 9    25.0   25.0
 11 6902.141600 1.068E-28 1.849E+01.09810.456 3750.46450.72-.006800          2 0 1          1 0 0  1  1  0        2  1  1      4442336032257122 7     3.0    5.0
 11 6902.228500 4.490E-29 1.614E+00.09950.434 3827.39270.71-.011120          3 0 0          1 0 0  3  0  3        3  1  2      4442336032257122 7    21.0   21.0
 11 6902.296700 2.051E-28 2.215E-03.08820.391 2251.86230.67-.013660          2 1 0          0 1 0  5  1  4        5  4  1      4442236032287122 7    33.0   33.0
 11 6902.359200 3.506E-28 5.672E-01.02820.221 3269.53860.37-.027660          2 0 0          0 0 0 15  4 12       15  5 11      4742236033297122 9    31.0   31.0
 11 6902.478660 4.328E-23 3.633E-02.08720.425  212.15640.71-.000219          1 2 0          0 0 0  3  3  0        3  2  1      578621303382622234    21.0   21.0
 11 6902.514900 2.567E-24 9.494E-01.04540.320 1690.66360.47-.008040          2 0 0          0 0 0 10  3  8       11  2  9      474423603328 322 8    63.0   69.0
 11 6902.530500 3.486E-28 9.147E-02.07970.333 2771.69000.57-.020780          1 1 1          0 1 0  8  2  7        8  4  4      4642236033287122 8    17.0   17.0
 11 6902.899300 1.328E-23 1.631E-02.05750.390  447.25230.63-.006179          1 2 0          0 0 0  7  0  7        6  1  6      576521303324 322 6    45.0   39.0
 11 6902.931445 2.285E-26 1.263E-04.08310.371  756.72470.63-.004076          1 2 0          0 0 0  7  3  4        6  4  3      4542234433257122 7    45.0   39.0
 11 6902.964500 3.145E-27 3.121E+00.05020.281 3314.85500.470.001704          1 3 0          0 1 0 10  5  6       11  2  9      4342236033287122 8    63.0   69.0
 11 6902.992400 2.009E-29 1.793E+00.08970.412 4066.12270.69-.009700          2 0 1          0 0 1  4  3  1        4  2  2      4442436032287122 7    27.0   27.0
 11 6902.995930 4.708E-24 7.795E+00.06000.372 1998.99480.47-.007819          1 0 1          0 0 0 10  5  5       11  5  6      575520303324 322 6    63.0   69.0
 11 6903.011900 2.540E-26 1.266E+00.07680.333 2630.19240.57-.013420          2 1 0          0 1 0  7  2  5        8  3  6      4742236033257122 7    45.0   51.0
 11 6903.013700 1.236E-29 9.258E-01.07890.434 4030.06980.71-.007076          0 2 2          0 0 1  4  3  2        3  3  1      4442336032257122 7    27.0   21.0
 11 6903.026000 3.073E-28 2.240E-02.03170.265 2813.51140.44-.022260          2 0 0          0 0 0 12  7  6       12  8  5      4542236033297122 9    75.0   75.0
 11 6903.093700 9.816E-29 6.173E-01.06880.281 3487.39830.47-.006324          0 3 1          0 1 0 11  4  7       11  4  8      4442336032297122 8    23.0   23.0
 11 6903.151500 5.788E-28 2.196E-01.04020.281 3135.76420.47-.022840          1 3 0          0 1 0 11  2  9       11  1 10      4542236033287122 8    69.0   69.0
 11 6903.233800 1.297E-28 2.141E-03.02800.315 2225.46880.55-.013200          2 0 0          0 0 0  9  8  2        9  9  1      4442336032297122 9    19.0   19.0
 11 6903.233800 3.781E-28 2.080E-03.02800.315 2225.46880.55-.013260          2 0 0          0 0 0  9  8  1        9  9  0      4442236033297122 9    57.0   57.0
 11 6903.250100 1.822E-29 3.430E-03.02120.281 2972.82810.47-.017312          0 2 1          0 0 0 10 10  0       11 10  1      444233603231712211    63.0   69.0
 11 6903.408500 2.172E-29 4.750E-04.08940.412 2129.61850.69-.020120          2 1 0          0 1 0  4  1  3        4  4  0      4442336032287122 8     9.0    9.0
 11 6903.414500 3.466E-24 8.369E-03.06850.350  586.24350.61-.012180          1 2 0          0 0 0  7  1  6        7  0  7      474623603325 322 7    45.0   45.0
 11 6903.448900 1.521E-28 2.951E-03.08050.371 2146.26360.63-.004132          1 3 0          0 1 0  5  4  2        6  1  5      4442236032287122 8    11.0   13.0
 11 6903.461100 4.227E-26 5.577E-04.06670.352  709.60820.61-.000064          0 4 0          0 0 0  7  5  3        7  2  6      4742236033287122 8    15.0   15.0
 11 6903.899700 1.088E-28 2.380E-02.03210.265 2813.52730.44-.022020          2 0 0          0 0 0 12  7  5       12  8  4      4442336032297122 9    25.0   25.0
 11 6904.038700 4.604E-25 7.609E-02.04730.310 1524.84730.47-.005240          1 2 0          0 0 0 10  4  7       11  1 10      444623603328 322 8    63.0   69.0
 11 6904.052600 3.580E-28 7.085E-04.04590.298 2054.34480.51-.015880          0 2 1          0 0 0 11  5  7       10  7  4      444223603331712211    69.0   63.0
 11 6904.171500 1.296E-29 8.398E+00.03990.352 4578.97830.61-.012336          0 4 1          0 2 0  7  6  2        7  6  1      4442336032257122 7    45.0   45.0
 11 6904.345000 8.976E-25 2.752E-01.06040.326 1631.38300.55-.011720          1 0 1          0 0 0  9  4  6        9  6  3      474623603328 322 8    57.0   57.0
 11 6904.408100 2.018E-28 7.183E+00.09820.456 3825.21310.72-.003740          3 0 0          0 0 1  3  0  3        2  0  2      4442336032257122 7    21.0   15.0
 11 6904.530340 4.728E-24 1.739E-02.06490.379  446.69660.63-.004129          1 2 0          0 0 0  7  1  7        6  0  6      576621303324 322 6    15.0   13.0
 11 6904.569657 1.376E-26 2.501E-01.02470.230 2471.25460.51-.020440          0 0 2          0 0 0  9  8  1       10  9  2      354423443329 322 9    57.0   63.0
 11 6904.569892 4.588E-27 2.502E-01.02320.298 2471.25500.51-.022700          0 0 2          0 0 0  9  8  2       10  9  1      3542234433297122 9    19.0   21.0
 11 6904.719600 5.315E-29 7.179E-03.04280.298 2904.42800.51-.006832          1 3 0          0 1 0 10  3  8       10  2  9      4442336032287122 7    63.0   63.0
 11 6904.851500 4.971E-27 1.137E-01.07780.391 2406.14300.67-.015940          1 1 1          0 1 0  5  3  3        5  5  0      4542236033287122 8    33.0   33.0
 11 6904.951100 1.802E-29 1.960E+00.03010.298 4260.46720.51-.015860          2 2 0          0 2 0  9  0  9       10  1 10      4442336032257122 7    57.0   63.0
 11 6904.999700 2.996E-25 9.182E-03.06660.333  882.89030.57-.000592          1 2 0          0 0 0  7  4  4        8  1  7      4742236033287122 8    15.0   17.0
 11 6905.057280 1.452E-22 1.457E-01.08700.422  300.36230.69-.000849          0 2 1          0 0 0  4  2  2        4  2  3      567621303382622234    27.0   27.0
 11 6905.067800 1.170E-29 1.139E+01.03310.371 4407.15820.63-.013020          0 4 1          0 2 0  6  6  1        6  6  0      4442336032297122 9    13.0   13.0
 11 6905.180600 3.072E-29 9.961E+00.04100.371 4407.04650.63-.010844          0 4 1          0 2 0  6  6  0        6  6  1      4442336032257122 7    39.0   39.0
 11 6905.316800 2.090E-29 7.424E-01.09240.412 3598.72740.69-.011660          1 2 1          0 2 0  3  1  2        4  3  1      4442336032257122 7     7.0    9.0
 11 6905.405420 1.448E-26 2.159E-04.08590.352  931.23700.61-.011580          1 0 1          0 0 0  6  2  4        7  4  3      5342233033257122 7    39.0   45.0
 11 6905.445000 1.166E-28 6.591E-03.03450.235 2550.88160.40-.005064          1 2 0          0 0 0 13  5  9       14  2 12      4442336032297122 9    27.0   29.0
 11 6905.528900 4.845E-28 5.581E-03.04620.265 2433.79910.44-.034420          0 0 2          0 0 0 12  3 10       12  6  7      4642236033297122 9    75.0   75.0
 11 6905.544430 2.228E-25 1.725E-01.07690.330 1616.45240.51-.015744          0 2 1          0 0 0 10  4  7       10  4  6      564623303329 322 8    21.0   21.0
 11 6905.753600 2.979E-27 9.247E+00.04150.281 3323.26890.47-.024220          1 1 1          0 1 0 10  3  8       11  3  9      4742236033297122 8    21.0   23.0
 11 6905.798950 4.768E-26 5.293E-04.08740.411  610.11440.67-.018180          2 0 0          0 0 0  5  1  5        5  4  2      574523303328 322 8    11.0   11.0
 11 6905.930260 5.918E-26 1.985E-01.04360.281 2144.04580.47-.021560          1 2 0          0 0 0 10  7  4       11  6  5      5642233033297122 9    63.0   69.0
 11 6905.969700 7.869E-27 1.010E+01.02760.265 3386.37870.44-.022160          1 1 1          0 1 0 11  2 10       12  2 11      4742236033297122 7    69.0   75.0
 11 6905.979900 1.079E-28 3.644E-02.03400.265 3144.57810.44-.010636          0 5 0          0 1 0 13  2 11       12  1 12      4442336032287122 8    81.0   75.0
 11 6906.014500 2.729E-27 3.450E+00.04630.315 3321.01330.55-.016760          1 1 1          0 1 0  8  6  2        9  6  3      4742236033257122 7    51.0   57.0
 11 6906.216600 9.202E-28 3.489E+00.04180.315 3320.92960.55-.017640          1 1 1          0 1 0  8  6  3        9  6  4      4742236033297122 7    17.0   19.0
 11 6906.392400 1.616E-29 6.365E+00.10440.480 3693.29350.73-.012920          3 0 0          1 0 0  0  0  0        1  1  1      4442436032257122 7     1.0    3.0
 11 6906.430200 1.897E-28 7.147E-01.03080.221 3443.18980.37-.029660          2 0 0          0 0 0 15  5 11       15  6 10      4442336032297122 9    31.0   31.0
 11 6906.483300 8.681E-29 9.647E-01.04730.298 3565.00410.51-.018660          0 1 2          0 1 0  9  5  5       10  6  4      4442336032297122 8    19.0   21.0
 11 6906.621200 2.349E-25 1.578E-01.06900.281 1813.22260.47-.004280          2 0 0          0 0 0 10  4  7       11  3  8      4542236033297122 8    63.0   69.0
 11 6906.651000 4.472E-25 3.217E+00.03450.247 2054.36810.51-.021760          1 0 1          0 0 0  9  7  2       10  7  3      474423603329 322 9    19.0   21.0
 11 6906.665100 8.894E-28 1.030E+00.02920.208 3439.30520.35-.021460          1 0 1          0 0 0 16  2 14       16  4 13      474223603331712211    99.0   99.0
 11 6906.694600 1.397E-25 3.361E-02.05850.298 1581.33570.51-.027960          0 0 2          0 0 0  9  1  8       10  4  7      4642236033287122 7    57.0   63.0
 11 6906.714900 1.346E-24 3.227E+00.04500.265 2054.34480.51-.009589          1 0 1          0 0 0  9  7  3       10  7  4      475520603324 322 6    57.0   63.0
 11 6906.725800 2.223E-29 8.700E-03.04990.281 2915.89330.47-.003020          0 5 0          0 1 0 11  4  8       11  1 11      4442336032297122 8    23.0   23.0
 11 6906.960700 3.002E-29 4.305E+00.09170.456 3885.73780.72-.009080          3 0 0          0 0 1  3  2  2        2  2  1      4442336032257122 7     7.0    5.0
 11 6907.030000 1.091E-29 1.900E+01.05530.371 4526.72070.63-.014440          2 0 1          1 0 0  6  5  2        6  5  1      4442336032257122 7    13.0   13.0
 11 6907.121900 3.289E-29 1.909E+01.05370.371 4526.72030.63-.014480          2 0 1          1 0 0  6  5  1        6  5  2      4442336032257122 7    39.0   39.0
 11 6907.184500 2.613E-28 1.108E+00.05840.298 3387.40000.51-.019348          0 3 1          0 1 0 10  5  6       10  5  5      4442336032297122 9    21.0   21.0
 11 6907.207800 2.497E-25 4.438E-02.05260.298 1293.01730.51-.004984          1 2 0          0 0 0  9  4  6       10  1  9      4642236033287122 8    19.0   21.0
 11 6907.243100 6.069E-29 1.997E-03.06670.352 2318.53990.61-.000064          0 5 0          0 1 0  7  5  3        7  2  6      4442336032287122 8    15.0   15.0
 11 6907.386600 1.942E-26 1.941E-01.04060.281 2142.59670.47-.019816          1 2 0          0 0 0 10  7  3       11  6  6      4642236033297122 9    21.0   23.0
 11 6907.429800 4.895E-29 6.533E-02.04080.333 3306.29530.57-.013100          0 1 2          0 1 0  7  6  1        8  7  2      4442336032257122 7    45.0   51.0
 11 6907.430700 1.630E-29 6.526E-02.03450.333 3306.29450.57-.016100          0 1 2          0 1 0  7  6  2        8  7  1      4442336032297122 9    15.0   17.0
 11 6907.565803 8.436E-26 1.604E+00.03300.298 2254.28400.51-.017780          0 0 2          0 0 0  9  7  3       10  8  2      4642234433297122 9    19.0   21.0
 11 6907.567985 2.530E-25 1.603E+00.03170.200 2254.28330.51-.018120          0 0 2          0 0 0  9  7  2       10  8  3      464423443329 322 9    57.0   63.0
 11 6907.583700 6.036E-29 1.097E+00.03310.195 4017.90620.34-.015360          1 0 1          0 0 0 17  4 14       17  4 13      444233603231712211   105.0  105.0
 11 6907.628100 3.030E-25 3.276E-03.06410.336  920.16800.55-.004836          1 2 0          0 0 0  8  3  6        9  0  9      474623603325 322 7    51.0   57.0
 11 6907.663550 9.071E-29 1.585E+00.05620.265 3940.51950.44-.002872          0 3 1          0 1 0 12  5  7       12  5  8      3442334332297122 8    75.0   75.0
 11 6907.748600 1.042E-27 8.632E-04.05080.298 1874.97270.51-.015332          0 2 1          0 0 0 11  4  8       10  6  5      444223603331712210    69.0   63.0
 11 6907.836100 7.425E-29 3.948E-01.06840.281 3659.90320.47-.019940          0 1 2          0 1 0 10  4  7       11  5  6      4442336032297122 8    63.0   69.0
 11 6907.996600 4.783E-28 2.865E-02.05260.333 2490.35390.57-.005892          1 3 0          0 1 0  9  2  8        8  1  7      4742236033287122 8    19.0   17.0
 11 6908.050300 1.441E-29 9.055E+00.07340.352 4572.44650.61-.015960          2 0 1          1 0 0  7  4  4        7  4  3      4442336032257122 7    45.0   45.0
 11 6908.252300 1.631E-27 1.042E-04.04870.352 1059.64660.61-.014180          1 0 1          0 0 0  8  1  8        7  5  3      474223603330712210    17.0   15.0
 11 6908.310330 2.153E-23 5.279E-02.08330.375  206.30140.71-.001449          1 2 0          0 0 0  3  3  1        3  2  2      567621303382622234     7.0    7.0
 11 6908.449500 2.298E-28 1.179E-02.03520.298 2705.13920.51-.014984          1 3 0          0 1 0 10  2  9       10  1 10      4442336032287122 8    63.0   63.0
 11 6908.525000 2.349E-27 9.041E+00.02330.265 3386.05130.44-.025780          1 1 1          0 1 0 11  1 10       12  1 11      4742236033297122 7    23.0   25.0
 11 6908.535700 2.325E-26 1.736E-03.06000.298 1114.53130.51-.002544          0 4 0          0 0 0  9  5  5       10  0 10      4642236033287122 8    19.0   21.0
 11 6908.560500 8.766E-29 3.019E+00.07360.391 3719.49320.67-.010284          0 4 1          0 2 0  6  3  4        5  3  3      4442336032257122 7    13.0   11.0
 11 6908.696200 2.978E-28 1.025E+00.02630.208 3437.27510.35-.020860          1 0 1          0 0 0 16  3 14       16  3 13      474223603331712211    33.0   33.0
 11 6908.710800 8.413E-24 8.581E+00.07500.430 1899.00750.47-.005519          1 0 1          0 0 0 10  4  6       11  4  7      476621603324 322 6    63.0   69.0
 11 6908.861700 4.593E-29 3.883E+00.09150.391 4095.92020.67-.008120          2 0 1          1 0 0  5  2  4        5  2  3      4442336032257122 7    33.0   33.0
 11 6908.939700 8.884E-29 2.206E-03.06420.315 2512.28250.55-.002644          0 5 0          0 1 0  8  5  4        9  0  9      4442336032287122 8    51.0   57.0
 11 6909.070530 1.960E-24 5.470E-03.08690.435  586.24350.61-.009908          0 2 1          0 0 0  6  2  4        7  0  7      574523303328 322 8    39.0   45.0
 11 6909.138000 9.170E-25 1.482E+00.08730.450 1819.33510.71-.007408          0 3 1          0 1 0  4  2  2        3  2  1      474523603325 322 7    27.0   21.0
 11 6909.152700 2.265E-28 8.384E-01.05010.298 3564.70500.51-.017880          0 1 2          0 1 0  9  5  4       10  6  5      4442436032297122 8    57.0   63.0
 11 6909.174300 1.577E-24 7.359E+00.04800.281 1985.78420.47-.019420          1 0 1          0 0 0 10  5  6       11  5  7      4742236033297122 9    21.0   23.0
 11 6909.212290 6.805E-23 1.223E-01.09560.440  142.27850.71-.005699          0 2 1          0 0 0  3  1  2        3  1  3      578520303382622234     7.0    7.0
 11 6909.256200 1.701E-28 1.129E-04.05570.315 1810.58770.55-.015260          2 0 0          0 0 0 10  4  7        9  7  2      4442336032287122 8    63.0   57.0
 11 6909.337600 5.393E-27 8.950E-04.07380.333 1255.91150.57-.018940          0 0 2          0 0 0  8  0  8        8  5  3      4742236033287122 8    17.0   17.0
 11 6909.407600 4.668E-26 1.011E-01.08300.391 1920.76580.67-.003088          0 3 1          0 1 0  5  2  4        5  0  5      4742236033257122 7    33.0   33.0
 11 6909.434800 2.056E-29 1.032E+00.09550.434 3895.58790.71-.005960          2 0 1          0 0 1  3  2  2        3  1  3      4442436032257122 7    21.0   21.0
 11 6909.499600 8.432E-27 1.927E-01.07570.333 2495.16570.57-.010672          0 3 1          0 1 0  8  2  6        8  2  7      4742236033257122 7    51.0   51.0
 11 6909.524200 1.896E-29 1.282E-03.02990.265 2813.51140.44-.012548          0 4 0          0 0 0 13  7  6       12  8  5      4442336032297122 9    81.0   75.0
 11 6909.598708 1.387E-27 3.071E-02.08750.352 2462.87520.61-.014160          1 1 1          0 1 0  7  1  7        7  3  4      4642234433287122 8    45.0   45.0
 11 6909.618550 2.032E-25 1.050E-02.08050.366 1216.19440.61-.017520          0 0 2          0 0 0  7  1  6        7  6  1      554523303328 322 8    45.0   45.0
 11 6909.933000 7.408E-27 7.367E+00.04990.281 3314.85500.47-.022620          1 1 1          0 1 0 10  2  8       11  2  9      4442236033257122 7    63.0   69.0
 11 6910.042800 1.128E-29 1.257E+00.09500.456 3833.57660.72-.009560          2 0 1          0 0 1  3  0  3        2  1  2      4442436032257122 7     7.0    5.0
 11 6910.047900 8.097E-28 1.856E-02.09230.391 2406.14300.67-.019440          0 1 2          0 1 0  5  0  5        5  5  0      4342236033287122 8    33.0   33.0
 11 6910.062300 3.103E-27 5.819E-02.06140.250 2533.79170.41-.011396          0 2 1          0 0 0 12  6  6       13  4  9      454223603331712211    75.0   81.0
 11 6910.134900 1.123E-28 1.564E+00.05350.281 3650.50820.47-.006728          0 3 1          0 1 0 11  5  6       11  5  7      4442336032297122 9    23.0   23.0
 11 6910.175000 1.332E-23 1.904E-02.09700.392   95.17590.72-.005340          1 2 0          0 0 0  3  2  2        2  1  1      474523603325 322 7     7.0    5.0
 11 6910.219250 2.005E-22 4.540E-01.08300.418  508.81200.67-.008259          0 2 1          0 0 0  5  3  3        5  3  2      577621303382622234    33.0   33.0
 11 6910.231000 3.082E-27 2.119E-01.07990.391 2406.14100.67-.018820          1 1 1          0 1 0  5  3  2        5  5  1      4442236033297122 8    11.0   11.0
 11 6910.280600 1.257E-28 1.081E+00.02740.221 3824.99640.37-.024660          2 0 0          0 0 0 14  9  6       15  8  7      444233603231712211    87.0   93.0
 11 6910.326000 2.687E-27 9.757E+00.01630.250 3391.12760.41-.026540          1 1 1          0 1 0 12  1 12       13  1 13      4742236033297122 8    25.0   27.0
 11 6910.346400 1.012E-26 1.513E+00.04040.298 2904.42800.51-.024640          2 1 0          0 1 0  9  1  8       10  2  9      4742236033287122 8    57.0   63.0
 11 6910.496180 1.840E-24 6.743E-03.08300.510  416.20870.67-.011744          1 2 0          0 0 0  6  1  5        5  2  4      574523303325 322 7    13.0   11.0
 11 6910.515000 1.793E-29 5.851E+00.08410.371 4408.02890.63-.011500          2 0 1          0 0 1  6  4  2        6  3  3      4442536032287122 7    39.0   39.0
 11 6910.554500 4.371E-27 1.165E-01.09490.371 2211.19050.63-.009580          1 1 1          0 1 0  5  0  5        6  2  4      4742236033257122 7    11.0   13.0
 11 6910.556800 1.652E-28 2.545E+01.10170.456 3725.94210.72-.011040          2 0 1          1 0 0  1  0  1        2  0  2      4442236032257122 7     3.0    5.0
 11 6910.612100 8.420E-27 1.019E+01.02120.250 3391.12690.41-.023320          1 1 1          0 1 0 12  0 12       13  0 13      4742236033297122 7    75.0   81.0
 11 6910.798000 4.190E-29 1.078E+00.02650.221 3824.49700.37-.023560          2 0 0          0 0 0 14  9  5       15  8  8      444233603231712211    29.0   31.0
 11 6910.806200 1.684E-29 5.992E-01.08560.412 3598.72740.69-.012240          2 2 0          0 2 0  3  2  2        4  3  1      4442236032287122 7     7.0    9.0
 11 6910.821400 1.341E-28 1.869E-04.07040.281 1998.99480.47-.020140          2 0 0          0 0 0 12  2 11       11  5  6      4442336032297122 8    75.0   69.0
 11 6910.897500 4.121E-28 2.383E-02.03250.281 2522.26070.47-.020480          2 0 0          0 0 0 11  7  5       11  8  4      4542236033297122 9    23.0   23.0
 11 6911.038300 9.889E-29 5.883E-04.04380.298 2054.36810.51-.015024          0 2 1          0 0 0 11  5  6       10  7  3      444233603231712211    23.0   21.0
 11 6911.044600 2.171E-29 6.068E-01.04190.250 4052.80970.41-.015820          2 1 0          0 1 0 13  2 11       13  3 10      4442336032297122 9    81.0   81.0
 11 6911.084900 1.182E-27 1.640E+00.05310.298 3383.26510.51-.008636          0 3 1          0 1 0 10  5  5       10  5  6      4742236033287122 8    63.0   63.0
 11 6911.152700 1.241E-27 2.393E-02.03260.281 2522.26450.47-.020440          2 0 0          0 0 0 11  7  4       11  8  3      4542236033297122 9    69.0   69.0
 11 6911.167210 2.903E-23 1.279E+00.08720.370  927.74390.61-.007199          2 0 0          0 0 0  6  3  3        7  4  4      578521303382622234    13.0   15.0
 11 6911.200500 9.840E-29 7.546E-01.03870.265 3770.87800.44-.033520          2 1 0          0 1 0 12  3 10       12  4  9      4442336032297122 8    75.0   75.0
 11 6911.245400 2.573E-28 3.003E+00.08030.391 3722.73110.67-.007636          0 4 1          0 2 0  6  3  3        5  3  2      4442336032257122 7    39.0   33.0
 11 6911.283300 1.369E-29 1.307E-03.07930.371 2733.96260.63-.016680          0 1 2          0 1 0  6  3  4        6  6  1      4442336032287122 8    39.0   39.0
 11 6911.384570 1.388E-22 1.395E-01.08410.425  300.36230.69-.001739          1 2 0          0 0 0  4  3  2        4  2  3      567621303382622234    27.0   27.0
 11 6911.390500 1.218E-29 4.138E+00.08990.391 4381.90450.67-.016740          1 0 2          1 0 0  5  2  3        5  5  0      4442236032287122 8    33.0   33.0
 11 6911.411900 8.764E-29 4.223E+00.09120.456 3887.11400.72-.008000          3 0 0          0 0 1  3  2  1        2  2  0      4442336032257122 7    21.0   15.0
 11 6911.631300 7.976E-24 6.471E-02.09500.450  503.96810.67-.014399          2 0 0          0 0 0  4  0  4        5  3  3      476520603324 322 6     9.0   11.0
 11 6911.645200 2.346E-25 2.013E+00.06040.371 2041.78050.63-.007108          0 3 1          0 1 0  7  0  7        6  0  6      4742236033257122 7    15.0   13.0
 11 6911.687400 2.466E-29 8.917E-01.02320.250 3879.71960.41-.029960          1 1 1          0 1 0 13  1 12       13  3 11      4442336032297122 9    27.0   27.0
 11 6911.850300 2.674E-29 2.726E+01.04510.391 4381.90430.67-.019520          2 0 1          1 0 0  5  5  0        5  5  1      4442336032297122 8    11.0   11.0
 11 6911.850400 1.676E-26 1.070E-01.04460.235 2327.91260.40-.025364          1 2 0          0 0 0 13  3 10       14  2 13      4342236033297122 9    81.0   87.0
 11 6911.918400 2.963E-27 1.400E+00.05570.315 3141.04570.55-.015940          0 3 1          0 1 0  9  5  5        9  5  4      4742236033287122 7    57.0   57.0
 11 6911.962500 7.011E-25 2.015E+00.06030.360 2042.75330.63-.008092          0 3 1          0 1 0  7  1  7        6  1  6      474523603325 322 7    45.0   39.0
 11 6911.964700 6.802E-29 2.311E+01.05020.391 4381.90450.67-.017500          2 0 1          1 0 0  5  5  1        5  5  0      4442336032257122 7    33.0   33.0
 11 6912.060300 2.505E-27 7.998E-02.08330.371 2282.58960.63-.008300          1 3 0          0 1 0  6  4  2        6  3  3      4742236033287122 7    13.0   13.0
 11 6912.069000 6.685E-26 2.178E-02.07010.298 1437.96780.51-.005952          1 2 0          0 0 0 10  3  7       10  2  8      4742236033297122 8    21.0   21.0
 11 6912.248300 2.160E-26 8.552E-01.08130.371 2552.85720.63-.017900          1 1 1          0 1 0  6  3  3        6  5  2      4442236033287122 8    39.0   39.0
 11 6912.271500 1.123E-26 5.097E-01.02810.235 2746.02240.40-.028260          2 0 0          0 0 0 14  3 12       14  4 11      4742236033297122 9    87.0   87.0
 11 6912.292500 1.086E-26 7.701E+00.05410.298 3224.54620.51-.012000          1 1 1          0 1 0  9  4  6       10  4  7      4742236033257122 7    57.0   63.0
 11 6912.362100 4.992E-25 6.149E-04.07980.371  447.25230.63-.000096          0 4 0          0 0 0  7  4  3        6  1  6      4542236033287122 7    45.0   39.0
 11 6912.412700 4.713E-26 2.042E-04.08000.391  416.20870.67-.001620          1 2 0          0 0 0  5  3  3        5  2  4      4342236033257122 7    11.0   11.0
 11 6912.428857 1.337E-27 1.881E+00.05120.315 3139.47550.55-.010544          0 3 1          0 1 0  9  5  4        9  5  5      3742234433287122 8    19.0   19.0
 11 6912.430000 3.940E-27 6.192E+00.08070.298 3162.25830.51-.006940          1 1 1          0 1 0  9  3  6       10  3  7      4742236033297122 7    19.0   21.0
 11 6912.442500 1.599E-29 1.498E+00.06690.250 4285.64630.41-.026060          2 1 0          0 1 0 12  6  7       13  5  8      4442336032297122 9    75.0   81.0
 11 6912.518100 3.256E-28 1.747E+01.09810.456 3734.89680.72-.008520          2 0 1          1 0 0  1  1  1        2  1  2      4742236033257122 7     9.0   15.0
 11 6912.549730 5.405E-25 1.914E-01.04470.318 1411.64180.57-.018220          1 0 1          0 0 0  8  4  5        8  6  2      574623303330 32210    17.0   17.0
 11 6912.636000 6.527E-26 1.229E-02.05630.290 1255.91150.57-.014896          1 2 0          0 0 0  7  6  2        8  5  3      464423603328 322 8    15.0   17.0
 11 6912.672300 7.411E-29 8.821E-01.02360.250 3877.08820.41-.027460          1 1 1          0 1 0 13  2 12       13  2 11      4442336032297122 8    81.0   81.0
 11 6912.769000 1.151E-25 9.182E-01.03930.281 2321.90500.47-.019620          0 0 2          0 0 0 10  6  5       11  7  4      4642236033297122 9    63.0   69.0
 11 6912.785200 1.433E-29 1.160E+01.06490.333 4624.30280.57-.016000          1 0 2          0 0 1  7  1  6        8  1  7      4442336032257122 7    45.0   51.0
 11 6912.914800 1.368E-29 1.171E+01.03920.315 4661.44840.55-.021020          1 0 2          0 0 1  8  1  8        9  1  9      4442336032257122 7    51.0   57.0
 11 6913.043300 3.304E-28 2.500E-04.04560.333 1590.69060.57-.016400          1 0 1          0 0 0  9  3  6        8  7  1      474223603331712211    19.0   17.0
 11 6913.139880 1.482E-23 1.591E-01.09070.480  602.77350.63-.008439          2 0 0          0 0 0  5  1  5        6  2  4      577621303382622234    11.0   13.0
 11 6913.167200 2.857E-29 3.577E+00.05040.333 4062.83850.57-.008132          0 4 1          0 2 0  9  1  8        8  1  7      4442336032257122 7    19.0   17.0
 11 6913.309400 1.375E-28 1.975E-02.03520.315 2690.59370.55-.015692          1 3 0          0 1 0 10  1  9        9  2  8      4442336032287122 7    21.0   19.0
 11 6913.328100 1.923E-28 6.284E-01.03380.208 3639.53690.35-.021860          2 0 0          0 0 0 15  6  9       16  5 12      444233603231712211    93.0   99.0
 11 6913.344400 1.553E-26 8.492E-04.07970.333 1050.15760.57-.010652          0 2 1          0 0 0  9  1  8        8  3  5      4542236033287122 8    19.0   17.0
 11 6913.382600 1.906E-25 1.192E-02.05700.275 1255.16660.57-.015904          1 2 0          0 0 0  7  6  1        8  5  4      464523603328 322 8    45.0   51.0
 11 6913.384100 1.157E-29 6.978E+00.08350.371 4308.21160.63-.008700          2 0 1          1 0 0  6  3  4        6  3  3      4442336032257122 7    13.0   13.0
 11 6913.639100 3.680E-26 8.805E-01.04010.288 2321.81170.47-.018860          0 0 2          0 0 0 10  6  4       11  7  5      464623603329 322 9    21.0   23.0
 11 6913.725800 1.802E-29 1.320E+00.08660.412 4066.12270.69-.010100          0 2 2          0 0 1  5  2  3        4  2  2      4442336032257122 7    33.0   27.0
 11 6913.799700 1.256E-26 2.262E+00.05400.333 2919.63230.57-.012160          0 3 1          0 1 0  8  5  3        8  5  4      4742236033257122 7    51.0   51.0
 11 6913.887800 2.985E-27 1.332E+00.03970.298 2903.14540.51-.016820          2 1 0          0 1 0  9  2  8       10  1  9      4742236033257122 7    19.0   21.0
 11 6913.915900 2.134E-29 6.873E+00.04000.298 4483.22790.51-.018440          1 2 1          0 2 0  9  2  8       10  2  9      4442336032257122 7    57.0   63.0
 11 6914.130500 6.382E-28 4.523E-04.07910.298 1616.45240.51-.015260          1 0 1          0 0 0 11  0 11       10  4  6      474223603331712210    23.0   21.0
 11 6914.135900 2.535E-29 1.400E+00.06880.333 4071.73370.57-.018280          2 2 0          0 2 0  7  1  6        8  2  7      4442236032257122 7    45.0   51.0
 11 6914.151200 3.869E-25 4.806E+00.06770.367 2205.65180.44-.016940          2 0 0          0 0 0 11  5  7       12  4  8      474523603329 322 9    23.0   25.0
 11 6914.269700 4.481E-27 1.925E+00.02360.281 2915.89330.47-.019840          2 1 0          0 1 0 10  0 10       11  1 11      4742236033297122 7    21.0   23.0
 11 6914.308700 5.985E-27 1.301E-02.05100.298 2054.34480.51-.017900          0 0 2          0 0 0 10  4  7       10  7  4      4642236033297122 9    63.0   63.0
 11 6914.340000 1.772E-29 5.149E-03.03410.250 3127.86100.41-.023620          1 0 1          0 0 0 14  4 10       13  8  5      444233603231712211    87.0   81.0
 11 6914.400500 1.019E-25 1.938E-02.05500.281 1327.11650.47-.021260          1 2 0          0 0 0 10  2  8       11  1 11      4542236033297122 8    21.0   23.0
 11 6914.416800 1.045E-26 2.474E+00.05140.352 2724.04130.61-.010348          0 3 1          0 1 0  7  5  2        7  5  3      4542236033257122 7    15.0   15.0
 11 6914.492700 1.398E-28 1.274E-02.06180.352 2724.16700.61-.017364          1 3 0          0 1 0  6  6  1        7  5  2      4442436032287122 8    39.0   45.0
 11 6914.549000 1.592E-22 7.209E-01.07790.385  383.84250.69-.007819          0 2 1          0 0 0  4  3  2        4  3  1      577521303382622234     9.0    9.0
 11 6914.611800 1.815E-25 1.064E-01.07240.298 1538.14880.51-.006052          0 2 1          0 0 0  9  5  4       10  3  7      464223603331712210    19.0   21.0
 11 6914.617400 4.653E-29 1.271E-02.05790.352 2724.04130.61-.017792          1 3 0          0 1 0  6  6  0        7  5  3      4442336032287122 8    13.0   15.0
 11 6914.710000 3.325E-27 1.801E+00.05600.333 2920.13200.57-.012420          0 3 1          0 1 0  8  5  4        8  5  3      4742236033257122 7    17.0   17.0
 11 6914.730100 5.211E-29 7.334E-01.02610.235 3685.41800.40-.024460          2 0 0          0 0 0 13 10  4       14  9  5      444233603231712211    27.0   29.0
 11 6914.740700 1.563E-28 7.332E-01.02700.235 3685.40660.40-.024160          2 0 0          0 0 0 13 10  3       14  9  6      444233603231712211    81.0   87.0
 11 6914.798200 3.522E-27 8.305E-01.02860.221 2872.57880.37-.022260          1 0 1          0 0 0 15  1 14       15  3 13      474223603331712211    31.0   31.0
 11 6914.911000 8.663E-25 4.297E-03.07710.363  704.21400.61-.005128          1 2 0          0 0 0  6  4  3        7  1  6      474623603328 322 7    39.0   45.0
 11 6914.961000 1.643E-28 6.597E+00.09430.456 3849.38530.72-.010460          3 0 0          0 0 1  3  1  2        2  1  1      4442336032257122 7    21.0   15.0
 11 6914.972600 1.244E-26 1.782E+00.02190.281 2915.87380.47-.020780          2 1 0          0 1 0 10  1 10       11  0 11      4742236033287122 7    63.0   69.0
 11 6914.995400 7.384E-28 2.267E-01.06640.298 3072.72590.51-.013656          0 3 1          0 1 0 10  3  7       10  3  8      4642236033287122 8    63.0   63.0
 11 6915.095600 1.285E-29 1.223E+01.06970.371 4401.94210.63-.014680          2 0 1          1 0 0  6  4  3        6  4  2      4442336032257122 7    13.0   13.0
 11 6915.101900 1.058E-26 8.304E-01.02520.221 2872.27310.370.000000          1 0 1          0 0 0 15  2 14       15  2 13      4742236033317122 0    93.0   93.0
 11 6915.360300 4.723E-28 5.594E-01.02620.265 3386.37870.44-.023960          1 1 1          0 1 0 12  0 12       12  2 11      4742236033297122 8    75.0   75.0
 11 6915.402300 1.616E-28 5.733E-01.02570.265 3386.05130.44-.024160          1 1 1          0 1 0 12  1 12       12  1 11      4442336032297122 8    25.0   25.0
 11 6915.538900 3.383E-25 1.766E+00.08800.412 1875.46930.69-.005620          0 3 1          0 1 0  5  1  4        4  1  3      4742236033257122 7    11.0    9.0
 11 6915.584500 1.316E-29 1.323E+00.07560.391 4165.47400.67-.009728          0 2 2          0 0 1  6  2  5        5  2  4      4442336032257122 7    39.0   33.0
 11 6915.641700 6.108E-27 9.341E-03.04150.265 1774.61530.44-.008104          1 2 0          0 0 0 11  4  8       12  1 11      4342236033297122 8    23.0   25.0
 11 6915.657200 1.111E-23 1.389E+00.06540.360 1446.12790.51-.025440          2 0 0          0 0 0  9  2  7       10  3  8      474523603328 322 8    57.0   63.0
 11 6915.693920 2.725E-23 1.221E-01.08410.430  648.97870.63-.014020          1 0 1          0 0 0  5  1  5        6  3  4      574623303325 322 7    33.0   39.0
 11 6915.879900 1.027E-28 1.215E+00.08700.412 3597.86600.69-.009920          2 2 0          0 2 0  3  2  1        4  3  2      4442436032257122 7    21.0   27.0
 11 6915.991600 3.899E-25 1.470E+00.04460.265 1960.20610.440.000180          1 2 0          0 0 0 11  5  7       12  2 10      4342236033297122 9    23.0   25.0
 11 6916.012000 2.025E-29 2.112E+00.10210.456 3750.46450.72-.013180          3 0 0          1 0 0  2  0  2        2  1  1      4442236032257122 7     5.0    5.0
 11 6916.028710 1.158E-24 2.222E-03.08910.400  508.81200.67-.009844          0 2 1          0 0 0  6  1  5        5  3  2      564523303325 322 7    39.0   33.0
 11 6916.068900 1.924E-29 6.949E-03.02620.208 3211.21130.35-.022360          1 0 1          0 0 0 17  1 17       16  3 14      444233603231712211   105.0   99.0
 11 6916.193200 3.751E-28 1.515E+00.03940.221 3443.18980.37-.024160          2 0 0          0 0 0 14  7  7       15  6 10      474223603331712211    29.0   31.0
 11 6916.315100 1.738E-28 6.797E+00.09220.434 3895.58790.71-.009640          3 0 0          0 0 1  4  1  4        3  1  3      4442336032257122 7    27.0   21.0
 11 6916.353500 3.026E-26 2.390E+00.05430.352 2724.16700.61-.011392          0 3 1          0 1 0  7  5  3        7  5  2      4742236033257122 7    45.0   45.0
 11 6916.374800 1.033E-21 1.243E+00.07400.421  285.41860.71-.006749          0 2 1          0 0 0  3  3  1        3  3  0      476620603324 322 6    21.0   21.0
 11 6916.449400 1.196E-28 7.357E-05.06930.281 1813.22260.47-.013180          0 0 2          0 0 0 11  0 11       11  3  8      4442336032297122 8    69.0   69.0
 11 6916.490700 2.608E-29 9.674E-02.04180.298 3564.70500.51-.021032          1 3 0          0 1 0  9  7  2       10  6  5      4442336032297122 8    57.0   63.0
 11 6916.531700 1.090E-24 7.935E-03.06230.352  586.47920.61-.007272          1 2 0          0 0 0  7  2  6        7  1  7      4742236033257122 7    15.0   15.0
 11 6916.538300 3.036E-27 3.774E-02.06660.265 2205.65180.44-.010552          0 4 0          0 0 0 11  7  5       12  4  8      434223603331712211    23.0   25.0
 11 6916.718734 2.915E-26 1.892E-01.02810.315 2009.80510.55-.025880          1 0 1          0 0 0  8  8  1        9  8  2      3742234433297122 9    17.0   19.0
 11 6916.723425 8.744E-26 1.892E-01.02810.260 2009.80470.55-.024200          1 0 1          0 0 0  8  8  0        9  8  1      374423443328 322 8    51.0   57.0
 11 6916.733360 3.446E-22 1.243E+00.07500.397  285.21930.71-.009979          0 2 1          0 0 0  3  3  0        3  3  1      576621303324 322 6     7.0    7.0
 11 6916.758100 3.251E-28 3.913E-02.03780.281 2915.87380.47-.009096          0 5 0          0 1 0 12  3 10       11  0 11      4742236033287122 8    75.0   69.0
 11 6916.872540 2.557E-24 1.643E-02.05070.350  586.47920.61-.009776          1 2 0          0 0 0  8  0  8        7  1  7      574423303325 322 7    17.0   15.0
 11 6916.902300 6.403E-28 1.710E-02.08490.371 2211.19050.63-.007844          0 3 1          0 1 0  5  4  1        6  2  4      4642236033287122 8    11.0   13.0
 11 6916.944130 4.804E-22 7.210E-01.07600.385  382.51690.69-.007939          0 2 1          0 0 0  4  3  1        4  3  2      576520303324 322 6    27.0   27.0
 11 6917.160000 6.129E-27 2.648E-02.08660.456 1743.48630.72-.005704          1 3 0          0 1 0  3  3  1        2  2  0      4742236033257122 7     7.0    5.0
 11 6917.182600 3.907E-26 1.820E-01.03820.250 2246.88390.41-.005644          1 2 0          0 0 0 12  5  8       13  2 11      4342236033297122 8    75.0   81.0
 11 6917.331700 2.769E-26 3.294E+00.05400.371 2552.87970.63-.011176          0 3 1          0 1 0  6  5  2        6  5  1      4742236033257122 7    13.0   13.0
 11 6917.338400 1.674E-29 1.892E-01.05550.281 3833.14390.47-.011700          2 1 0          0 1 0 11  5  6       11  6  5      4442336032297122 9    69.0   69.0
 11 6917.368550 1.254E-21 5.925E-01.09800.458   23.79440.730.000050          0 2 1          0 0 0  2  0  2        1  0  1      575721303324 322 6    15.0    9.0
 11 6917.384300 1.070E-29 2.661E+00.08470.412 4050.05240.69-.004940          2 0 1          0 0 1  4  3  2        4  2  3      4442236032257122 7     9.0    9.0
 11 6917.397800 1.873E-29 9.610E-04.02850.281 2740.42040.47-.019124          0 2 1          0 0 0 12  7  5       11  9  2      444233603231712211    75.0   69.0
 11 6917.612200 6.992E-26 3.713E-02.08230.298 1538.14880.51-.001452          1 2 0          0 0 0 10  4  6       10  3  7      4742236033297122 8    21.0   21.0
 11 6917.622300 1.701E-26 1.169E+00.08640.352 2439.95440.61-.009800          2 1 0          0 1 0  6  2  4        7  3  5      4742236033257122 7    13.0   15.0
 11 6917.627800 7.837E-24 1.677E-02.05040.400  586.24350.61-.009024          1 2 0          0 0 0  8  1  8        7  0  7      474623603325 322 7    51.0   45.0
 11 6917.640200 2.385E-25 3.136E-01.06590.298 1724.70470.51-.024620          1 0 1          0 0 0 10  3  8       10  5  5      474223603331712211    21.0   21.0
 11 6917.741300 3.331E-25 2.038E-02.08420.333 1050.15760.57-.013680          1 0 1          0 0 0  8  1  8        8  3  5      4742236033287122 8    17.0   17.0
 11 6917.798400 6.790E-26 2.693E+00.05220.371 2552.85720.63-.010672          0 3 1          0 1 0  6  5  1        6  5  2      4542236033257122 7    39.0   39.0
 11 6917.848900 2.645E-29 1.791E+00.08930.434 3956.66600.71-.008460          2 0 1          0 0 1  3  3  1        3  2  2      4442436032257122 7    21.0   21.0
 11 6917.858900 2.548E-27 7.096E-04.04840.315 1631.38300.55-.010008          0 2 1          0 0 0 10  4  6        9  6  3      444223603330712210    63.0   57.0
 11 6917.883800 3.562E-29 4.234E+00.08050.391 4165.47400.67-.004100          2 0 1          0 0 1  5  3  3        5  2  4      4442236032257122 7    33.0   33.0
 11 6917.898600 4.042E-29 6.004E-01.02310.235 3922.32940.40-.024360          2 0 0          0 0 0 13 11  2       14 10  5      444233603231712211    81.0   87.0
 11 6917.898700 1.347E-29 6.002E-01.02310.235 3922.32930.40-.024360          2 0 0          0 0 0 13 11  3       14 10  4      444233603231712211    27.0   29.0
 11 6917.922900 2.067E-25 4.748E+00.04740.391 2406.14300.67-.014220          0 3 1          0 1 0  5  5  1        5  5  0      4742236033257122 7    33.0   33.0
 11 6917.951730 2.984E-22 4.514E-01.09860.510   37.13710.73-.003809          0 2 1          0 0 0  2  1  2        1  1  1      576521303324 322 6     5.0    3.0
 11 6917.965700 6.777E-26 4.670E+00.04410.391 2406.14100.67-.015328          0 3 1          0 1 0  5  5  0        5  5  1      4742236033297122 8    11.0   11.0
 11 6917.971300 1.234E-29 7.939E-02.08700.391 3565.45460.67-.001796          0 4 1          0 2 0  5  3  3        5  1  4      4442336032257122 7    33.0   33.0
 11 6918.048400 3.556E-27 4.697E-01.03560.235 2739.42770.40-.020760          2 0 0          0 0 0 14  2 12       14  3 11      4742236033297122 9    29.0   29.0
 11 6918.056200 3.586E-29 1.204E-01.05080.298 3564.70500.51-.022880          2 1 0          0 1 0 10  5  6       10  6  5      4442336032297122 8    63.0   63.0
 11 6918.067800 1.630E-29 1.728E-01.09550.391 3626.92230.67-.013940          1 2 1          0 2 0  4  0  4        5  2  3      4442336032257122 7    27.0   33.0
 11 6918.194000 5.311E-26 3.269E-02.08030.281 1813.22260.470.001228          1 2 0          0 0 0 11  4  7       11  3  8      4742236033297122 8    69.0   69.0
 11 6918.247040 2.244E-25 5.803E-03.09370.391  742.07300.67-.023120          0 0 2          0 0 0  4  0  4        5  5  1      5542233033297122 8     9.0   11.0
 11 6918.274100 1.138E-29 1.253E-03.04070.250 2927.93990.41-.027300          2 0 0          0 0 0 14  4 11       13  7  6      444233603231712211    87.0   81.0
 11 6918.295900 1.589E-29 1.334E-03.02300.221 2872.27310.370.000000          1 2 0          0 0 0 14  5 10       15  2 13      4442336032317122 0    87.0   93.0
 11 6918.360600 1.053E-26 4.042E-01.05080.265 2437.50110.44-.024580          0 0 2          0 0 0 11  5  7       12  6  6      4742236033297122 9    23.0   25.0
 11 6918.362109 6.075E-27 1.699E-04.07320.352 1059.83530.61-.021260          0 0 2          0 0 0  6  2  5        7  5  2      4642234433287122 8    39.0   45.0
 11 6918.381899 4.104E-27 2.361E-02.03280.298 2254.28330.51-.018220          2 0 0          0 0 0 10  7  4       10  8  3      4642234433297122 9    63.0   63.0
 11 6918.383900 9.648E-28 5.968E-05.04670.298 1114.53130.51-.006144          0 4 0          0 0 0 11  3  9       10  0 10      4442236033287122 8    23.0   21.0
 11 6918.394400 5.534E-27 2.092E-01.09350.371 2282.58960.63-.013320          1 1 1          0 1 0  5  1  4        6  3  3      4742236033257122 7    11.0   13.0
 11 6918.431600 1.974E-26 2.828E-02.08440.456 1742.30560.72-.004228          1 3 0          0 1 0  3  3  0        2  2  1      4742236033257122 7    21.0   15.0
 11 6918.447900 1.369E-27 2.362E-02.03280.298 2254.28400.51-.018280          2 0 0          0 0 0 10  7  3       10  8  2      4642236033297122 9    21.0   21.0
 11 6918.478100 6.212E-24 1.071E+01.02270.180 2042.30980.41-.019949          1 0 1          0 0 0 12  1 11       13  1 12      476521603324 322 6    75.0   81.0
 11 6918.483100 8.121E-26 2.429E+00.06690.250 2629.33290.41-.026060          2 0 0          0 0 0 12  6  7       13  5  8      4742236033297122 9    75.0   81.0
 11 6918.493700 1.295E-28 2.178E-03.06970.265 2300.68410.44-.027460          1 0 1          0 0 0 13  1 12       12  5  7      444233603231712211    27.0   25.0
 11 6918.517300 6.499E-26 1.088E-03.08290.371  757.78010.63-.015912          0 2 1          0 0 0  7  2  5        6  4  2      4642236033287122 8    15.0   13.0
 11 6918.716800 4.395E-28 2.974E-05.05550.371 1045.05830.63-.004920          1 2 0          0 0 0  7  5  3        6  6  0      4442236033297122 9    15.0   13.0
 11 6918.763400 2.122E-24 1.098E+01.02140.160 2042.37270.41-.019849          1 0 1          0 0 0 12  2 11       13  2 12      476421603324 322 6    25.0   27.0
 11 6918.873600 1.238E-27 2.793E-05.05760.371 1045.05780.63-.007472          1 2 0          0 0 0  7  5  2        6  6  1      4442236033287122 8    45.0   39.0
 11 6918.895400 1.120E-28 3.186E-01.03730.281 3323.26890.47-.026320          2 1 0          0 1 0 11  2 10       11  3  9      4442436032297122 8    23.0   23.0
 11 6919.033400 6.798E-23 4.522E-01.07610.370  503.96810.67-.002819          0 2 1          0 0 0  5  3  2        5  3  3      477521603382622234    11.0   11.0
 11 6919.074900 1.423E-29 1.011E-02.05750.298 3224.54620.51-.022310          0 6 0          0 1 0  9  1  8       10  4  7      4442336032287122 7    57.0   63.0
 11 6919.125000 1.779E-29 9.488E-04.03310.281 2522.26070.47-.017692          0 2 1          0 0 0 12  6  7       11  8  4      444233603231712211    25.0   23.0
 11 6919.208620 1.982E-24 1.027E-01.09480.335 1216.19440.61-.038220          1 0 1          0 0 0  7  4  4        7  6  1      574623303328 322 8    45.0   45.0
 11 6919.286700 9.980E-27 6.006E-02.08100.391 2130.49420.67-.007452          1 3 0          0 1 0  5  4  1        5  3  2      4742236033287122 8    33.0   33.0
 11 6919.334400 6.356E-29 7.293E+00.09280.434 3890.82950.71-.005600          3 0 0          0 0 1  4  0  4        3  0  3      4442336032257122 7     9.0    7.0
 11 6919.343800 2.213E-29 1.237E+01.06680.391 4257.78720.67-.013560          2 0 1          1 0 0  5  4  1        5  4  2      4442336032257122 7    11.0   11.0
 11 6919.369600 8.435E-29 3.682E+00.04600.333 4071.73370.57-.011676          0 4 1          0 2 0  9  2  8        8  2  7      4442336032257122 7    57.0   51.0
 11 6919.435200 3.149E-26 4.102E-01.02560.250 2248.06320.41-.024060          2 0 0          0 0 0 13  2 12       13  3 11      4742236033297122 9    27.0   27.0
 11 6919.479600 5.465E-23 1.248E+00.08580.474  757.78010.63-.008659          1 0 1          0 0 0  5  2  3        6  4  2      478521603382622234    11.0   13.0
 11 6919.604600 1.007E-29 9.613E+00.04010.298 4480.39280.51-.024360          1 2 1          0 2 0  9  1  8       10  1  9      4442336032257122 7    19.0   21.0
 11 6919.614400 2.485E-24 5.915E-03.07520.375  552.91140.63-.002432          1 2 0          0 0 0  6  3  4        6  2  5      474723603325 322 7    39.0   39.0
 11 6919.866800 7.944E-29 2.871E+00.09800.434 3827.39270.71-.008360          2 0 1          1 0 0  3  1  3        3  1  2      4442336032257122 7    21.0   21.0
 11 6919.947474 2.013E-24 1.123E+01.01850.235 2073.51420.40-.029180          1 0 1          0 0 0 13  0 13       14  0 14      3742234433297122 9    27.0   29.0
 11 6919.949600 6.040E-24 1.123E+01.01780.210 2073.51360.40-.020849          1 0 1          0 0 0 13  1 13       14  1 14      476521603324 322 6    81.0   87.0
 11 6919.967100 1.392E-29 2.301E-04.02840.235 2551.48210.40-.023160          2 0 0          0 0 0 15  0 15       14  3 12      4442336032297122 9    93.0   87.0
 11 6920.266700 1.172E-27 2.779E-01.08180.352 2724.04130.61-.016380          1 1 1          0 1 0  7  3  4        7  5  3      4342236033287122 8    15.0   15.0
 11 6920.303200 1.710E-24 1.242E-02.08120.398  782.40980.61-.004684          0 2 1          0 0 0  6  4  2        7  2  5      474723603328 322 8    39.0   45.0
 11 6920.334900 1.698E-29 1.714E-01.05170.298 3565.00410.51-.013260          2 1 0          0 1 0 10  5  5       10  6  4      4442336032297122 8    21.0   21.0
 11 6920.412600 5.681E-28 4.570E-03.08730.391 1922.82900.67-.003556          0 3 1          0 1 0  4  3  2        5  1  5      4742236033287122 7     9.0   11.0
 11 6920.412760 2.901E-25 2.642E-02.08070.377 1131.77550.57-.019480          2 0 0          0 0 0  8  1  7        8  4  4      564523303328 322 8    17.0   17.0
 11 6920.530580 8.211E-24 1.045E+01.03870.280 1962.50620.44-.017899          1 0 1          0 0 0 11  3  9       12  3 10      576421303324 322 6    69.0   75.0
 11 6920.534268 9.430E-26 4.072E-01.02650.250 2246.88390.41-.020760          2 0 0          0 0 0 13  1 12       13  2 11      4742234433297122 8    81.0   81.0
 11 6920.637400 9.244E-29 1.710E+01.06720.391 4256.24140.67-.012180          2 0 1          1 0 0  5  4  2        5  4  1      4442336032257122 7    33.0   33.0
 11 6920.723400 1.101E-28 6.569E-04.04540.298 2054.36810.51-.019360          2 0 0          0 0 0 11  4  8       10  7  3      444233603231712211    23.0   21.0
 11 6920.935500 3.716E-29 1.619E-01.00800.250 3654.04790.41-.016476          0 3 1          0 1 0 12  3  9       13  1 12      444233603230712210    75.0   81.0
 11 6920.936400 1.086E-23 1.933E+00.02180.257 1557.84710.44-.019839          2 0 0          0 0 0 11  0 11       12  1 12      476521603324 322 6    69.0   75.0
